Tumor_Sample_Barcode	Frame_Shift_Del	Frame_Shift_Ins	In_Frame_Del	In_Frame_Ins	Missense_Mutation	Nonsense_Mutation	Nonstop_Mutation	Splice_Site	Translation_Start_Site	total
TCGA-F7-A624-01	2	2	0	0	16	0	0	1	0	21
TCGA-CV-7568-01	0	0	0	0	12	5	0	0	0	17
TCGA-CV-A6K2-01	0	0	0	0	9	7	0	0	0	16
TCGA-CR-7402-01	2	2	0	0	8	2	0	1	0	15
TCGA-D6-6516-01	0	0	0	0	13	2	0	0	0	15
TCGA-CV-A6JM-01	0	1	0	0	10	0	0	2	0	13
TCGA-D6-A74Q-01	1	0	0	0	10	2	0	0	0	13
TCGA-UF-A7JO-01	2	1	0	0	8	2	0	0	0	13
TCGA-CN-4723-01	0	0	0	0	11	1	0	0	0	12
TCGA-CN-4727-01	0	0	0	0	8	4	0	0	0	12
TCGA-CN-5360-01	2	0	0	0	9	1	0	0	0	12
TCGA-CV-7427-01	0	1	0	0	9	2	0	0	0	12
TCGA-CV-A45Z-01	0	1	0	0	8	2	0	1	0	12
TCGA-CN-A63W-01	0	0	0	0	8	2	0	1	0	11
TCGA-CR-7379-01	0	1	0	0	8	0	0	2	0	11
TCGA-CR-7395-01	0	2	0	0	6	1	0	2	0	11
TCGA-CV-5432-01	0	0	0	0	6	1	0	4	0	11
TCGA-BA-6869-01	0	0	0	0	8	1	0	0	1	10
TCGA-BB-7870-01	1	0	1	0	6	2	0	0	0	10
TCGA-CN-A497-01	0	0	1	0	6	3	0	0	0	10
TCGA-CQ-7071-01	0	0	0	0	8	0	0	2	0	10
TCGA-CR-7388-01	0	0	0	0	9	1	0	0	0	10
TCGA-CV-6942-01	2	0	0	0	6	2	0	0	0	10
TCGA-CV-6955-01	0	1	1	0	6	2	0	0	0	10
TCGA-CV-7099-01	0	1	0	0	5	4	0	0	0	10
TCGA-CV-A45W-01	1	0	0	0	5	4	0	0	0	10
TCGA-KU-A66S-01	2	0	0	0	7	0	0	0	1	10
TCGA-TN-A7HL-01	0	0	0	0	9	1	0	0	0	10
TCGA-BA-A6DA-01	1	0	0	0	8	0	0	0	0	9
TCGA-BA-A6DF-01	0	0	0	0	7	2	0	0	0	9
TCGA-CN-6992-01	0	0	0	0	9	0	0	0	0	9
TCGA-CN-A63T-01	0	0	0	0	7	1	0	1	0	9
TCGA-CN-A6V3-01	0	0	0	0	8	1	0	0	0	9
TCGA-CQ-5334-01	0	2	0	0	3	2	0	1	1	9
TCGA-CR-7364-01	1	0	0	0	6	2	0	0	0	9
TCGA-CR-7365-01	1	0	0	0	6	2	0	0	0	9
TCGA-CR-7370-01	1	0	0	0	8	0	0	0	0	9
TCGA-CR-7398-01	3	1	0	0	3	2	0	0	0	9
TCGA-CV-7254-01	0	0	0	0	8	1	0	0	0	9
TCGA-CV-A6JD-01	0	0	0	0	7	2	0	0	0	9
TCGA-CV-A6K1-01	3	0	0	0	4	0	0	2	0	9
TCGA-DQ-5629-01	0	2	0	0	6	0	0	1	0	9
TCGA-H7-7774-01	0	0	0	0	8	1	0	0	0	9
TCGA-QK-A6II-01	0	0	0	0	7	1	0	1	0	9
TCGA-T2-A6X2-01	1	1	0	0	6	1	0	0	0	9
TCGA-UF-A7JF-01	0	0	0	0	6	3	0	0	0	9
TCGA-UF-A7JT-01	1	0	0	0	7	1	0	0	0	9
TCGA-BA-4078-01	1	0	0	0	6	0	0	1	0	8
TCGA-CQ-5333-01	0	0	0	0	5	2	0	1	0	8
TCGA-CR-7394-01	0	0	0	0	4	2	0	2	0	8
TCGA-CV-5976-01	0	1	0	0	6	1	0	0	0	8
TCGA-CV-7248-01	0	1	0	0	7	0	0	0	0	8
TCGA-CV-7252-01	1	3	1	0	0	3	0	0	0	8
TCGA-CV-A461-01	1	1	0	0	6	0	0	0	0	8
TCGA-CV-A463-01	0	0	0	0	5	3	0	0	0	8
TCGA-CV-A468-01	0	0	1	0	4	3	0	0	0	8
TCGA-D6-A6EK-01	1	0	0	0	4	3	0	0	0	8
TCGA-H7-8501-01	0	0	0	0	4	4	0	0	0	8
TCGA-HD-A4C1-01	0	1	0	0	4	2	0	1	0	8
TCGA-IQ-A61E-01	2	0	0	0	4	1	0	1	0	8
TCGA-P3-A5Q5-01	0	0	0	0	7	1	0	0	0	8
TCGA-P3-A5QF-01	0	0	0	0	7	1	0	0	0	8
TCGA-QK-A6VB-01	0	1	0	0	4	1	0	2	0	8
TCGA-QK-A8Z8-01	2	0	0	0	5	0	0	1	0	8
TCGA-T3-A92M-01	0	1	0	0	4	2	0	1	0	8
TCGA-BA-4076-01	0	1	0	0	6	0	0	0	0	7
TCGA-BA-5152-01	0	0	0	0	5	1	0	1	0	7
TCGA-BA-A4IF-01	0	0	0	0	4	2	0	1	0	7
TCGA-CN-5356-01	0	1	0	0	5	1	0	0	0	7
TCGA-CN-5369-01	0	0	1	0	5	1	0	0	0	7
TCGA-CN-A63U-01	1	0	0	0	3	1	0	2	0	7
TCGA-CQ-5331-01	0	0	0	0	5	1	0	1	0	7
TCGA-CR-6492-01	0	0	0	0	3	4	0	0	0	7
TCGA-CV-5441-01	2	1	0	0	4	0	0	0	0	7
TCGA-CV-5444-01	0	0	1	0	3	0	0	2	1	7
TCGA-CV-6436-01	0	0	0	0	6	1	0	0	0	7
TCGA-CV-6935-01	0	0	1	0	6	0	0	0	0	7
TCGA-CV-6943-01	0	0	1	0	2	3	0	1	0	7
TCGA-CV-7095-01	0	0	0	0	4	3	0	0	0	7
TCGA-CV-7414-01	0	1	0	0	4	2	0	0	0	7
TCGA-CV-7424-01	0	0	0	0	5	2	0	0	0	7
TCGA-CV-A45P-01	0	0	0	0	5	2	0	0	0	7
TCGA-CV-A45R-01	1	0	0	0	6	0	0	0	0	7
TCGA-CV-A45V-01	1	0	0	0	6	0	0	0	0	7
TCGA-CX-7085-01	0	0	0	0	6	1	0	0	0	7
TCGA-D6-A6EN-01	0	1	0	0	4	2	0	0	0	7
TCGA-UF-A71B-01	0	0	0	0	5	1	0	1	0	7
TCGA-UF-A7J9-01	1	0	1	0	3	2	0	0	0	7
TCGA-BA-4074-01	1	1	0	0	3	1	0	0	0	6
TCGA-BA-6873-01	1	0	1	0	1	3	0	0	0	6
TCGA-BA-7269-01	1	1	0	0	4	0	0	0	0	6
TCGA-BA-A6DJ-01	0	2	0	0	3	1	0	0	0	6
TCGA-CN-5370-01	1	0	0	0	2	1	0	2	0	6
TCGA-CN-6021-01	1	2	1	0	2	0	0	0	0	6
TCGA-CN-6995-01	1	0	0	0	4	1	0	0	0	6
TCGA-CQ-5324-01	0	2	0	0	4	0	0	0	0	6
TCGA-CQ-5326-01	0	0	0	0	3	1	0	2	0	6
TCGA-CQ-5327-01	2	0	0	0	2	1	0	1	0	6
TCGA-CQ-6218-01	2	0	0	0	3	1	0	0	0	6
TCGA-CQ-6222-01	0	0	0	0	3	3	0	0	0	6
TCGA-CQ-6224-01	0	0	0	0	5	1	0	0	0	6
TCGA-CQ-A4C6-01	0	0	0	0	3	3	0	0	0	6
TCGA-CQ-A4CG-01	0	1	0	0	5	0	0	0	0	6
TCGA-CR-7374-01	1	0	0	0	4	1	0	0	0	6
TCGA-CR-7386-01	1	0	0	0	1	4	0	0	0	6
TCGA-CV-5434-01	0	0	0	0	4	2	0	0	0	6
TCGA-CV-5436-01	0	0	1	0	4	1	0	0	0	6
TCGA-CV-6441-01	1	0	0	0	3	2	0	0	0	6
TCGA-CV-6936-01	1	0	0	0	5	0	0	0	0	6
TCGA-CV-6956-01	1	0	0	0	3	2	0	0	0	6
TCGA-CV-6961-01	1	0	0	0	4	1	0	0	0	6
TCGA-CV-7089-01	0	0	0	0	4	2	0	0	0	6
TCGA-CV-7242-01	0	0	0	0	5	0	0	1	0	6
TCGA-CV-7245-01	1	0	0	0	4	1	0	0	0	6
TCGA-CV-7250-01	0	0	0	0	4	2	0	0	0	6
TCGA-CV-7413-01	0	0	0	0	3	3	0	0	0	6
TCGA-CV-7425-01	0	1	1	0	3	1	0	0	0	6
TCGA-CV-A45O-01	0	0	0	0	2	4	0	0	0	6
TCGA-DQ-5625-01	0	0	0	0	6	0	0	0	0	6
TCGA-F7-7848-01	2	0	0	0	3	0	0	1	0	6
TCGA-HD-A633-01	2	0	0	0	3	1	0	0	0	6
TCGA-MT-A67A-01	1	1	0	0	1	3	0	0	0	6
TCGA-MT-A67F-01	0	0	0	0	4	1	0	0	1	6
TCGA-P3-A6T2-01	0	0	0	0	5	1	0	0	0	6
TCGA-UF-A71D-01	2	1	0	0	2	0	0	1	0	6
TCGA-BA-4075-01	0	1	0	0	2	0	0	2	0	5
TCGA-BA-6868-01	0	1	0	0	4	0	0	0	0	5
TCGA-BA-A6DL-01	1	0	0	0	3	1	0	0	0	5
TCGA-BB-A5HZ-01	1	1	0	0	2	1	0	0	0	5
TCGA-CN-4729-01	0	1	0	0	4	0	0	0	0	5
TCGA-CN-4730-01	1	0	0	0	2	2	0	0	0	5
TCGA-CN-4731-01	1	1	1	0	0	1	0	1	0	5
TCGA-CN-4736-01	0	0	0	0	4	1	0	0	0	5
TCGA-CN-4739-01	0	0	0	0	5	0	0	0	0	5
TCGA-CN-6011-01	0	0	0	0	4	1	0	0	0	5
TCGA-CN-6012-01	0	0	0	0	2	3	0	0	0	5
TCGA-CN-6013-01	0	2	0	0	2	1	0	0	0	5
TCGA-CN-6019-01	0	0	1	0	2	1	0	1	0	5
TCGA-CN-A63Y-01	1	0	0	0	3	0	0	1	0	5
TCGA-CN-A641-01	0	1	0	0	4	0	0	0	0	5
TCGA-CQ-7064-01	0	0	0	0	3	2	0	0	0	5
TCGA-CQ-A4CD-01	1	1	0	0	2	1	0	0	0	5
TCGA-CR-6471-01	0	0	0	0	5	0	0	0	0	5
TCGA-CR-7367-01	0	0	0	0	5	0	0	0	0	5
TCGA-CR-7377-01	0	0	0	0	2	2	0	1	0	5
TCGA-CR-7390-01	0	0	0	0	3	2	0	0	0	5
TCGA-CV-5966-01	0	1	0	0	2	2	0	0	0	5
TCGA-CV-5973-01	2	0	0	0	2	1	0	0	0	5
TCGA-CV-6938-01	1	0	0	0	3	0	0	1	0	5
TCGA-CV-6959-01	1	0	0	0	1	3	0	0	0	5
TCGA-CV-7104-01	0	1	0	0	2	2	0	0	0	5
TCGA-CV-7235-01	0	0	0	0	5	0	0	0	0	5
TCGA-CV-7243-01	1	0	1	0	2	1	0	0	0	5
TCGA-CV-7255-01	2	0	0	0	2	1	0	0	0	5
TCGA-CV-7263-01	0	0	0	0	2	2	0	1	0	5
TCGA-CV-7440-01	1	1	0	0	1	1	0	1	0	5
TCGA-F7-8489-01	0	1	0	0	4	0	0	0	0	5
TCGA-F7-A50I-01	0	1	0	0	3	0	0	1	0	5
TCGA-F7-A61S-01	0	0	0	0	3	2	0	0	0	5
TCGA-F7-A623-01	0	1	0	0	4	0	0	0	0	5
TCGA-H7-A6C5-01	0	0	1	0	3	0	0	1	0	5
TCGA-MZ-A7D7-01	3	0	0	0	2	0	0	0	0	5
TCGA-P3-A6T3-01	0	0	0	0	4	1	0	0	0	5
TCGA-QK-A64Z-01	0	0	0	0	2	2	0	1	0	5
TCGA-QK-A8Z9-01	0	0	0	0	5	0	0	0	0	5
TCGA-RS-A6TO-01	0	1	0	0	1	2	0	1	0	5
TCGA-UF-A71E-01	0	0	0	0	5	0	0	0	0	5
TCGA-UF-A7JJ-01	1	1	0	0	3	0	0	0	0	5
TCGA-WA-A7GZ-01	0	0	1	0	4	0	0	0	0	5
TCGA-BA-5555-01	0	0	0	0	3	1	0	0	0	4
TCGA-BA-5556-01	0	0	0	0	3	1	0	0	0	4
TCGA-BA-5558-01	0	0	0	0	3	1	0	0	0	4
TCGA-BA-5559-01	0	1	0	0	3	0	0	0	0	4
TCGA-BA-A6D8-01	0	1	0	0	1	1	0	1	0	4
TCGA-BA-A8YP-01	0	0	0	0	3	1	0	0	0	4
TCGA-BB-8601-01	0	2	0	0	1	1	0	0	0	4
TCGA-BB-A6UO-01	1	0	0	0	1	1	0	1	0	4
TCGA-C9-A480-01	0	0	0	0	3	1	0	0	0	4
TCGA-CN-4738-01	0	0	0	0	3	1	0	0	0	4
TCGA-CN-4741-01	0	0	0	0	3	1	0	0	0	4
TCGA-CN-5359-01	0	0	0	0	2	2	0	0	0	4
TCGA-CN-5366-01	1	0	1	0	2	0	0	0	0	4
TCGA-CN-6024-01	1	0	0	0	3	0	0	0	0	4
TCGA-CN-6989-01	0	1	0	0	1	2	0	0	0	4
TCGA-CN-6994-01	0	0	0	0	4	0	0	0	0	4
TCGA-CN-6997-01	0	0	1	0	2	1	0	0	0	4
TCGA-CN-6998-01	0	0	0	0	2	2	0	0	0	4
TCGA-CN-A498-01	1	0	0	0	2	1	0	0	0	4
TCGA-CN-A49A-01	1	0	0	0	2	1	0	0	0	4
TCGA-CN-A640-01	2	0	0	0	1	1	0	0	0	4
TCGA-CN-A642-01	0	0	0	0	1	2	0	1	0	4
TCGA-CN-A6V1-01	0	0	0	0	3	0	0	1	0	4
TCGA-CQ-6219-01	0	0	0	0	4	0	0	0	0	4
TCGA-CQ-6220-01	0	1	0	0	3	0	0	0	0	4
TCGA-CQ-6223-01	1	0	0	0	2	1	0	0	0	4
TCGA-CR-5243-01	1	0	0	0	3	0	0	0	0	4
TCGA-CR-6481-01	0	0	0	0	2	2	0	0	0	4
TCGA-CR-6491-01	0	0	0	0	3	0	0	1	0	4
TCGA-CR-7371-01	0	0	0	0	4	0	0	0	0	4
TCGA-CR-7376-01	0	0	0	0	2	1	0	1	0	4
TCGA-CR-7380-01	0	0	0	0	3	1	0	0	0	4
TCGA-CR-7382-01	0	0	0	0	4	0	0	0	0	4
TCGA-CR-7383-01	0	0	0	0	3	0	0	1	0	4
TCGA-CR-7404-01	2	0	0	0	2	0	0	0	0	4
TCGA-CV-6948-01	1	0	0	0	2	0	0	1	0	4
TCGA-CV-6951-01	1	0	0	0	3	0	0	0	0	4
TCGA-CV-6952-01	0	0	0	0	3	1	0	0	0	4
TCGA-CV-6960-01	0	0	0	0	3	1	0	0	0	4
TCGA-CV-6962-01	0	0	0	0	3	1	0	0	0	4
TCGA-CV-7091-01	1	0	0	0	2	1	0	0	0	4
TCGA-CV-7238-01	0	0	0	0	1	3	0	0	0	4
TCGA-CV-7406-01	0	0	0	0	4	0	0	0	0	4
TCGA-CV-7407-01	0	0	0	0	4	0	0	0	0	4
TCGA-CV-7418-01	0	0	1	0	3	0	0	0	0	4
TCGA-CV-A465-01	1	0	0	0	3	0	0	0	0	4
TCGA-CV-A6JE-01	1	0	0	0	2	1	0	0	0	4
TCGA-CV-A6JU-01	0	2	0	0	1	0	0	1	0	4
TCGA-CX-7082-01	0	0	0	0	3	1	0	0	0	4
TCGA-CX-7219-01	1	0	0	0	2	1	0	0	0	4
TCGA-CX-A4AQ-01	0	0	0	0	3	1	0	0	0	4
TCGA-D6-6515-01	0	0	0	0	3	1	0	0	0	4
TCGA-D6-A6EM-01	1	0	0	0	3	0	0	0	0	4
TCGA-D6-A6EP-01	1	0	1	0	2	0	0	0	0	4
TCGA-D6-A6EQ-01	0	0	0	0	4	0	0	0	0	4
TCGA-DQ-5631-01	0	0	0	0	2	2	0	0	0	4
TCGA-F7-A622-01	1	1	0	0	2	0	0	0	0	4
TCGA-HD-A6HZ-01	0	0	0	0	3	1	0	0	0	4
TCGA-IQ-7630-01	0	0	0	0	3	0	0	1	0	4
TCGA-IQ-A61H-01	0	0	0	0	3	1	0	0	0	4
TCGA-IQ-A61L-01	0	0	0	0	3	1	0	0	0	4
TCGA-P3-A5QA-01	0	1	1	0	2	0	0	0	0	4
TCGA-P3-A6T0-01	0	0	0	0	3	1	0	0	0	4
TCGA-P3-A6T5-01	0	0	0	0	4	0	0	0	0	4
TCGA-P3-A6T8-01	2	0	0	0	2	0	0	0	0	4
TCGA-QK-A652-01	0	0	0	0	2	2	0	0	0	4
TCGA-QK-A6IG-01	0	0	0	0	0	4	0	0	0	4
TCGA-QK-A6IJ-01	0	1	0	0	2	1	0	0	0	4
TCGA-QK-A8Z7-01	0	0	0	0	2	1	0	1	0	4
TCGA-QK-A8ZA-01	0	1	0	0	3	0	0	0	0	4
TCGA-T2-A6WX-01	0	0	0	0	3	1	0	0	0	4
TCGA-T2-A6WZ-01	0	0	0	0	3	0	0	1	0	4
TCGA-4P-AA8J-01	0	1	0	0	1	1	0	0	0	3
TCGA-BA-5149-01	1	0	0	0	2	0	0	0	0	3
TCGA-BA-5557-01	0	0	0	0	2	1	0	0	0	3
TCGA-BA-A6DD-01	0	0	0	0	2	0	0	1	0	3
TCGA-BA-A6DE-01	1	0	0	0	1	1	0	0	0	3
TCGA-BA-A6DG-01	0	0	0	0	1	2	0	0	0	3
TCGA-BA-A6DI-01	0	1	0	0	1	1	0	0	0	3
TCGA-BB-4223-01	0	1	0	0	2	0	0	0	0	3
TCGA-BB-A5HU-01	0	0	0	0	3	0	0	0	0	3
TCGA-BB-A5HY-01	1	0	0	0	0	2	0	0	0	3
TCGA-C9-A47Z-01	0	1	0	0	2	0	0	0	0	3
TCGA-CN-4737-01	0	0	0	0	3	0	0	0	0	3
TCGA-CN-4740-01	0	0	0	0	1	1	0	1	0	3
TCGA-CN-4742-01	0	0	0	0	2	1	0	0	0	3
TCGA-CN-5355-01	0	0	0	0	2	0	0	1	0	3
TCGA-CN-5358-01	1	0	0	0	2	0	0	0	0	3
TCGA-CN-5364-01	0	0	0	0	2	1	0	0	0	3
TCGA-CN-5373-01	0	0	0	0	2	1	0	0	0	3
TCGA-CN-6010-01	0	0	0	0	3	0	0	0	0	3
TCGA-CN-6016-01	0	1	0	0	2	0	0	0	0	3
TCGA-CN-6988-01	1	0	0	0	2	0	0	0	0	3
TCGA-CN-6996-01	0	0	0	0	2	0	0	1	0	3
TCGA-CQ-5330-01	0	1	1	0	1	0	0	0	0	3
TCGA-CQ-5332-01	0	0	0	0	3	0	0	0	0	3
TCGA-CQ-6221-01	0	0	0	0	3	0	0	0	0	3
TCGA-CQ-6228-01	0	0	0	0	2	1	0	0	0	3
TCGA-CQ-7063-01	0	0	0	0	2	1	0	0	0	3
TCGA-CQ-7069-01	0	0	0	1	2	0	0	0	0	3
TCGA-CQ-A4CE-01	0	1	0	0	1	1	0	0	0	3
TCGA-CR-6472-01	0	0	0	0	3	0	0	0	0	3
TCGA-CR-6474-01	0	0	0	0	3	0	0	0	0	3
TCGA-CR-6477-01	1	0	0	0	1	1	0	0	0	3
TCGA-CR-6487-01	0	0	0	0	2	1	0	0	0	3
TCGA-CR-7368-01	0	1	0	0	2	0	0	0	0	3
TCGA-CR-7389-01	1	0	0	0	2	0	0	0	0	3
TCGA-CR-7399-01	0	0	0	0	3	0	0	0	0	3
TCGA-CV-5430-01	1	0	0	0	1	1	0	0	0	3
TCGA-CV-5435-01	0	0	0	0	1	2	0	0	0	3
TCGA-CV-5439-01	1	1	0	0	1	0	0	0	0	3
TCGA-CV-5440-01	0	0	0	0	3	0	0	0	0	3
TCGA-CV-5442-01	0	0	0	0	3	0	0	0	0	3
TCGA-CV-5978-01	0	1	0	0	2	0	0	0	0	3
TCGA-CV-6003-01	0	0	0	0	0	3	0	0	0	3
TCGA-CV-6941-01	0	0	1	0	0	2	0	0	0	3
TCGA-CV-6945-01	0	0	0	0	3	0	0	0	0	3
TCGA-CV-6953-01	0	0	0	0	1	2	0	0	0	3
TCGA-CV-7090-01	0	0	0	0	2	1	0	0	0	3
TCGA-CV-7097-01	0	0	0	0	1	1	0	1	0	3
TCGA-CV-7101-01	0	0	0	0	1	2	0	0	0	3
TCGA-CV-7177-01	0	0	0	0	3	0	0	0	0	3
TCGA-CV-7178-01	0	1	1	0	0	1	0	0	0	3
TCGA-CV-7180-01	0	0	0	0	3	0	0	0	0	3
TCGA-CV-7236-01	0	0	0	0	3	0	0	0	0	3
TCGA-CV-7253-01	1	0	0	0	2	0	0	0	0	3
TCGA-CV-7261-01	0	0	0	0	2	1	0	0	0	3
TCGA-CV-7410-01	0	0	1	0	2	0	0	0	0	3
TCGA-CV-7411-01	0	0	0	0	2	1	0	0	0	3
TCGA-CV-7422-01	0	0	0	0	1	2	0	0	0	3
TCGA-CV-7435-01	0	1	0	0	2	0	0	0	0	3
TCGA-CV-7437-01	2	0	0	0	1	0	0	0	0	3
TCGA-CV-7438-01	0	0	1	0	1	1	0	0	0	3
TCGA-CV-A45Q-01	0	0	0	0	0	2	0	1	0	3
TCGA-CV-A45X-01	0	0	0	0	2	0	0	1	0	3
TCGA-CV-A460-01	0	0	0	0	3	0	0	0	0	3
TCGA-CV-A6JO-01	0	0	0	0	3	0	0	0	0	3
TCGA-CV-A6JY-01	1	1	0	0	1	0	0	0	0	3
TCGA-CV-A6JZ-01	0	0	0	0	2	1	0	0	0	3
TCGA-D6-6823-01	0	0	0	0	3	0	0	0	0	3
TCGA-D6-8569-01	0	0	0	0	3	0	0	0	0	3
TCGA-D6-A4ZB-01	0	0	0	0	2	1	0	0	0	3
TCGA-DQ-5630-01	1	0	0	0	2	0	0	0	0	3
TCGA-DQ-7588-01	1	0	0	0	2	0	0	0	0	3
TCGA-DQ-7596-01	0	0	0	0	3	0	0	0	0	3
TCGA-F7-A620-01	0	0	0	0	2	1	0	0	0	3
TCGA-H7-8502-01	0	0	0	0	1	2	0	0	0	3
TCGA-HD-7754-01	0	0	0	0	3	0	0	0	0	3
TCGA-HD-8224-01	1	0	0	0	2	0	0	0	0	3
TCGA-HD-8635-01	0	0	0	0	2	1	0	0	0	3
TCGA-HD-A6I0-01	0	1	0	0	2	0	0	0	0	3
TCGA-IQ-A61J-01	0	0	0	0	1	1	0	1	0	3
TCGA-IQ-A6SH-01	0	0	0	0	2	1	0	0	0	3
TCGA-MT-A67D-01	0	0	0	0	3	0	0	0	0	3
TCGA-P3-A6SX-01	1	0	0	0	1	1	0	0	0	3
TCGA-P3-A6T4-01	0	0	0	0	2	1	0	0	0	3
TCGA-P3-A6T7-01	1	0	0	0	1	0	0	1	0	3
TCGA-QK-A6IH-01	0	0	0	0	3	0	0	0	0	3
TCGA-QK-A8ZB-01	0	0	0	0	1	1	0	1	0	3
TCGA-QK-AA3K-01	0	0	0	0	3	0	0	0	0	3
TCGA-T2-A6X0-01	0	0	0	0	2	1	0	0	0	3
TCGA-UF-A719-01	0	0	0	0	3	0	0	0	0	3
TCGA-BA-4077-01	0	0	0	0	2	0	0	0	0	2
TCGA-BA-5151-01	1	0	0	0	1	0	0	0	0	2
TCGA-BA-6871-01	0	0	0	0	2	0	0	0	0	2
TCGA-BA-6872-01	0	0	0	0	1	1	0	0	0	2
TCGA-BA-A4IG-01	0	0	0	0	1	1	0	0	0	2
TCGA-BA-A4IH-01	0	0	0	0	2	0	0	0	0	2
TCGA-BA-A4II-01	0	0	0	0	2	0	0	0	0	2
TCGA-BB-4224-01	1	0	0	0	0	1	0	0	0	2
TCGA-BB-4225-01	0	1	0	0	1	0	0	0	0	2
TCGA-BB-4227-01	0	0	0	0	1	1	0	0	0	2
TCGA-BB-4228-01	0	1	0	0	1	0	0	0	0	2
TCGA-BB-8596-01	0	0	0	0	1	1	0	0	0	2
TCGA-BB-A6UM-01	0	0	0	0	2	0	0	0	0	2
TCGA-CN-4725-01	0	0	0	0	2	0	0	0	0	2
TCGA-CN-4726-01	0	1	0	0	0	0	0	1	0	2
TCGA-CN-4728-01	1	1	0	0	0	0	0	0	0	2
TCGA-CN-4734-01	0	0	0	0	0	2	0	0	0	2
TCGA-CN-5363-01	1	1	0	0	0	0	0	0	0	2
TCGA-CN-5365-01	0	0	0	0	2	0	0	0	0	2
TCGA-CN-5367-01	0	0	0	0	2	0	0	0	0	2
TCGA-CN-6018-01	0	0	0	0	1	1	0	0	0	2
TCGA-CN-6020-01	0	0	0	0	2	0	0	0	0	2
TCGA-CN-6022-01	0	0	0	0	1	0	0	1	0	2
TCGA-CN-6023-01	0	0	0	0	2	0	0	0	0	2
TCGA-CN-A63V-01	0	0	0	0	2	0	0	0	0	2
TCGA-CQ-5329-01	0	0	0	0	2	0	0	0	0	2
TCGA-CQ-6225-01	0	0	0	0	2	0	0	0	0	2
TCGA-CQ-6229-01	1	0	0	0	0	1	0	0	0	2
TCGA-CQ-7068-01	0	0	0	0	2	0	0	0	0	2
TCGA-CQ-7072-01	0	0	0	0	1	1	0	0	0	2
TCGA-CQ-A4C9-01	0	0	0	0	2	0	0	0	0	2
TCGA-CQ-A4CA-01	0	0	0	0	2	0	0	0	0	2
TCGA-CQ-A4CI-01	0	0	0	0	1	1	0	0	0	2
TCGA-CR-5247-01	0	0	0	0	1	1	0	0	0	2
TCGA-CR-6493-01	1	0	0	0	1	0	0	0	0	2
TCGA-CR-7369-01	1	0	0	0	1	0	0	0	0	2
TCGA-CR-7401-01	0	0	0	0	1	0	1	0	0	2
TCGA-CV-5970-01	0	0	0	0	2	0	0	0	0	2
TCGA-CV-5971-01	0	0	0	0	2	0	0	0	0	2
TCGA-CV-5977-01	0	0	0	0	1	1	0	0	0	2
TCGA-CV-6937-01	1	0	0	0	0	1	0	0	0	2
TCGA-CV-6940-01	0	0	1	0	1	0	0	0	0	2
TCGA-CV-6954-01	0	0	0	0	1	1	0	0	0	2
TCGA-CV-7102-01	0	0	0	0	2	0	0	0	0	2
TCGA-CV-7103-01	1	0	0	0	0	1	0	0	0	2
TCGA-CV-7183-01	0	0	0	0	1	1	0	0	0	2
TCGA-CV-7247-01	0	0	0	0	2	0	0	0	0	2
TCGA-CV-7432-01	1	0	1	0	0	0	0	0	0	2
TCGA-CV-7433-01	0	0	0	0	2	0	0	0	0	2
TCGA-CV-7434-01	1	0	0	0	1	0	0	0	0	2
TCGA-CV-A45U-01	0	0	0	0	1	1	0	0	0	2
TCGA-CV-A464-01	0	0	0	0	2	0	0	0	0	2
TCGA-CV-A6JT-01	0	0	0	0	2	0	0	0	0	2
TCGA-CX-7086-01	1	0	0	0	1	0	0	0	0	2
TCGA-D6-6517-01	0	0	0	0	2	0	0	0	0	2
TCGA-D6-6825-01	0	0	0	0	0	1	0	1	0	2
TCGA-D6-A4Z9-01	0	0	0	0	2	0	0	0	0	2
TCGA-D6-A6EO-01	2	0	0	0	0	0	0	0	0	2
TCGA-DQ-5624-01	0	1	0	0	1	0	0	0	0	2
TCGA-DQ-7592-01	0	1	0	0	1	0	0	0	0	2
TCGA-F7-8298-01	1	0	0	0	1	0	0	0	0	2
TCGA-F7-A61W-01	0	1	0	0	1	0	0	0	0	2
TCGA-H7-A6C4-01	0	0	0	0	0	2	0	0	0	2
TCGA-H7-A76A-01	1	0	0	0	1	0	0	0	0	2
TCGA-HD-7831-01	0	1	1	0	0	0	0	0	0	2
TCGA-HD-7832-01	0	0	0	0	2	0	0	0	0	2
TCGA-HD-8634-01	0	0	0	0	2	0	0	0	0	2
TCGA-KU-A6H8-01	0	0	0	0	1	0	0	1	0	2
TCGA-MT-A51W-01	0	0	1	0	1	0	0	0	0	2
TCGA-MT-A7BN-01	2	0	0	0	0	0	0	0	0	2
TCGA-P3-A5Q6-01	0	1	0	0	1	0	0	0	0	2
TCGA-P3-A6SW-01	0	0	0	0	2	0	0	0	0	2
TCGA-P3-A6T6-01	0	0	0	0	1	1	0	0	0	2
TCGA-QK-A6VC-01	0	0	0	0	1	1	0	0	0	2
TCGA-QK-AA3J-01	0	0	0	0	1	1	0	0	0	2
TCGA-RS-A6TP-01	0	0	0	0	2	0	0	0	0	2
TCGA-T3-A92N-01	0	0	0	0	1	1	0	0	0	2
TCGA-UF-A71A-01	0	0	0	0	1	0	0	1	0	2
TCGA-UF-A71A-06	0	0	0	0	1	0	0	1	0	2
TCGA-UF-A7JA-01	0	0	0	0	1	1	0	0	0	2
TCGA-UF-A7JD-01	1	0	0	0	0	1	0	0	0	2
TCGA-UF-A7JK-01	0	0	1	0	0	1	0	0	0	2
TCGA-UF-A7JS-01	0	0	0	0	2	0	0	0	0	2
TCGA-UF-A7JV-01	0	0	0	0	2	0	0	0	0	2
TCGA-BA-6870-01	0	0	0	0	1	0	0	0	0	1
TCGA-BA-A6DB-01	0	0	0	0	1	0	0	0	0	1
TCGA-CN-4733-01	0	0	0	0	1	0	0	0	0	1
TCGA-CN-4735-01	0	0	0	0	1	0	0	0	0	1
TCGA-CN-5374-01	0	0	0	0	1	0	0	0	0	1
TCGA-CN-6017-01	1	0	0	0	0	0	0	0	0	1
TCGA-CN-A499-01	0	1	0	0	0	0	0	0	0	1
TCGA-CN-A49B-01	0	0	0	0	1	0	0	0	0	1
TCGA-CN-A6V6-01	0	0	0	0	1	0	0	0	0	1
TCGA-CN-A6V7-01	0	0	0	0	1	0	0	0	0	1
TCGA-CQ-5325-01	0	1	0	0	0	0	0	0	0	1
TCGA-CQ-7065-01	0	0	0	0	1	0	0	0	0	1
TCGA-CQ-A4C7-01	0	0	0	0	0	1	0	0	0	1
TCGA-CQ-A4CB-01	0	0	0	0	1	0	0	0	0	1
TCGA-CQ-A4CH-01	1	0	0	0	0	0	0	0	0	1
TCGA-CR-5249-01	0	0	0	0	1	0	0	0	0	1
TCGA-CR-5250-01	0	0	0	0	1	0	0	0	0	1
TCGA-CR-6467-01	1	0	0	0	0	0	0	0	0	1
TCGA-CR-6470-01	0	0	0	0	1	0	0	0	0	1
TCGA-CR-6478-01	0	0	0	0	1	0	0	0	0	1
TCGA-CR-6480-01	0	0	0	0	0	0	0	0	1	1
TCGA-CR-6484-01	0	0	0	0	0	1	0	0	0	1
TCGA-CR-6488-01	0	0	0	0	1	0	0	0	0	1
TCGA-CR-7372-01	0	1	0	0	0	0	0	0	0	1
TCGA-CR-7373-01	0	0	0	0	0	1	0	0	0	1
TCGA-CR-7385-01	0	0	0	0	0	1	0	0	0	1
TCGA-CR-7392-01	0	0	0	0	0	1	0	0	0	1
TCGA-CR-7393-01	1	0	0	0	0	0	0	0	0	1
TCGA-CR-7397-01	0	0	0	0	1	0	0	0	0	1
TCGA-CV-5979-01	0	0	0	0	1	0	0	0	0	1
TCGA-CV-6933-01	0	0	0	0	0	1	0	0	0	1
TCGA-CV-6934-01	0	0	0	0	1	0	0	0	0	1
TCGA-CV-6950-01	1	0	0	0	0	0	0	0	0	1
TCGA-CV-7100-01	0	0	0	0	1	0	0	0	0	1
TCGA-CV-7415-01	0	0	0	0	1	0	0	0	0	1
TCGA-CV-7416-01	0	0	0	0	1	0	0	0	0	1
TCGA-CV-7421-01	0	0	0	0	1	0	0	0	0	1
TCGA-CV-7423-01	0	0	0	0	0	1	0	0	0	1
TCGA-CV-7429-01	0	0	0	0	1	0	0	0	0	1
TCGA-CV-7430-01	0	0	0	0	1	0	0	0	0	1
TCGA-CV-7446-01	0	0	0	0	1	0	0	0	0	1
TCGA-CV-A45Y-01	0	1	0	0	0	0	0	0	0	1
TCGA-CV-A6JN-01	1	0	0	0	0	0	0	0	0	1
TCGA-D6-6824-01	0	0	0	0	1	0	0	0	0	1
TCGA-D6-6826-01	0	0	0	0	1	0	0	0	0	1
TCGA-D6-8568-01	0	0	0	0	1	0	0	0	0	1
TCGA-D6-A6ES-01	0	0	0	0	0	0	0	1	0	1
TCGA-DQ-7591-01	0	0	0	0	1	0	0	0	0	1
TCGA-DQ-7593-01	0	0	0	0	1	0	0	0	0	1
TCGA-F7-A50G-01	0	0	0	0	1	0	0	0	0	1
TCGA-F7-A50J-01	0	1	0	0	0	0	0	0	0	1
TCGA-F7-A61V-01	0	0	1	0	0	0	0	0	0	1
TCGA-HD-7229-01	0	0	0	0	1	0	0	0	0	1
TCGA-HD-7753-01	0	0	0	1	0	0	0	0	0	1
TCGA-HD-8314-01	0	0	0	0	1	0	0	0	0	1
TCGA-IQ-7631-01	0	0	0	0	1	0	0	0	0	1
TCGA-IQ-A61G-01	0	0	0	0	1	0	0	0	0	1
TCGA-IQ-A61I-01	0	0	0	0	1	0	0	0	0	1
TCGA-IQ-A61K-01	0	0	0	0	1	0	0	0	0	1
TCGA-IQ-A61O-01	0	0	0	0	0	1	0	0	0	1
TCGA-IQ-A6SG-01	0	0	0	0	1	0	0	0	0	1
TCGA-KU-A66T-01	0	0	0	0	1	0	0	0	0	1
TCGA-KU-A6H7-01	0	0	0	0	0	1	0	0	0	1
TCGA-KU-A6H7-06	0	0	0	0	0	1	0	0	0	1
TCGA-MT-A67G-01	0	0	0	0	0	1	0	0	0	1
TCGA-MZ-A6I9-01	0	0	0	0	1	0	0	0	0	1
TCGA-QK-A6IF-01	0	0	0	0	1	0	0	0	0	1
TCGA-TN-A7HI-01	0	0	0	0	1	0	0	0	0	1
TCGA-TN-A7HJ-01	1	0	0	0	0	0	0	0	0	1
TCGA-UF-A718-01	0	0	0	0	0	0	0	1	0	1
TCGA-UF-A7JC-01	0	0	0	0	1	0	0	0	0	1
TCGA-UF-A7JH-01	0	1	0	0	0	0	0	0	0	1
TCGA-WA-A7H4-01	0	0	0	0	1	0	0	0	0	1
